


arg_in_1 = [400, 500, 4, .005, 0.007, .05, .5, .5]

arg_1 = [randi([200,4000],1)